%YAML 1.0
camera_matrix: 
   rows: 3
   cols: 3
   dt: d
   data: [ 4.8482302499999997e+02, 0., 2.1081162000000000e+02, 0.,
       4.8482302499999997e+02, 1.7640635499999999e+02, 0., 0., 1. ]
